entity_id
14560
14567
14570
14571
14572
14573
14574
14577
14579
14585
14603
14604
21316
26676
26773
26864
26983
27219
28252
28263
28272
28285
28393
28394
28395
28396
28526
28551
28593
28598
28599
28617
28694
28787
28827
28900
28907
28918
28920
28934
29489
29499
29509
29512
29514
29519
29520
29527
29537
29548
29558
29567
29648
29650
29651
29652
29653
29654
29656
29658
29659
29661
29662
29664
29686
29692
29705
29771
29773
29774
29775
29777
29779
29781
29782
29783
29784
29785
29786
29787
29896
29906
29919
29953
29956
29966
29969
29986
29987
30026
30029
30100
30101
30102
